ret
0.11107661370503977
Cam Mat
[[1.18830782e+03 0.00000000e+00 6.38711953e+02]
 [0.00000000e+00 1.18866076e+03 3.55722450e+02]
 [0.00000000e+00 0.00000000e+00 1.00000000e+00]]
Dist
[[ 1.89834451e-02 -1.64458888e-01  3.47055891e-04 -3.61658577e-04
   4.38732840e-01]]
rvecs
(array([[-0.70210299],
       [-0.70122363],
       [-1.45419115]]), array([[-0.12130274],
       [-0.58330532],
       [-1.52957349]]), array([[-9.00142724e-04],
       [ 1.74889256e-03],
       [-2.52902836e+00]]), array([[ 0.06932922],
       [-0.06911512],
       [-1.56958308]]), array([[ 5.50186852e-04],
       [ 1.79165683e-03],
       [-1.57079604e+00]]), array([[-4.61200680e-04],
       [ 1.73284392e-03],
       [-2.14257678e+00]]), array([[ 0.30201677],
       [-0.30382633],
       [-1.54857546]]), array([[ 6.30297894e-04],
       [ 1.88518917e-03],
       [-1.57079716e+00]]), array([[-0.45657203],
       [-0.67609342],
       [-1.49268986]]), array([[-1.88713691e-04],
       [ 1.07420778e-03],
       [-1.94935264e+00]]), array([[-0.36459724],
       [-0.36366066],
       [-1.53980924]]), array([[ 0.41121174],
       [-0.41325378],
       [-1.53002224]]), array([[-3.26935505e-04],
       [ 2.24686242e-03],
       [-3.14159127e+00]]), array([[-0.75076635],
       [-0.74991292],
       [-1.4370529 ]]), array([[-0.75076635],
       [-0.74991292],
       [-1.4370529 ]]))
tvecs
(array([[-56.18369118],
       [144.04461282],
       [967.49501592]]), array([[151.06013915],
       [ 68.39001957],
       [825.30873512]]), array([[ 42.14987244],
       [100.96340428],
       [695.13503888]]), array([[ 13.72053718],
       [ 93.10912909],
       [698.28815043]]), array([[-56.16785974],
       [ 94.0697826 ],
       [999.82442435]]), array([[  1.85457825],
       [109.39513615],
       [695.20097206]]), array([[235.31421557],
       [ 93.54252406],
       [845.52131408]]), array([[-56.36914667],
       [ 93.10062381],
       [695.16323204]]), array([[ 32.42313823],
       [ 80.19389627],
       [874.84279979]]), array([[-18.75357959],
       [107.6637519 ],
       [695.18724372]]), array([[-56.23313331],
       [114.41877433],
       [897.67609796]]), array([[302.0077219 ],
       [ 93.9510934 ],
       [978.77517359]]), array([[ 91.35664085],
       [ 59.0394134 ],
       [694.95442003]]), array([[-56.16860097],
       [157.56573298],
       [988.08289043]]), array([[-56.16860097],
       [157.56573298],
       [988.08289043]]))
total error: 0.01502449427105015
