ret
0.6485867018050879
Cam Mat
[[3.34794154e+03 0.00000000e+00 1.53297822e+03]
 [0.00000000e+00 3.34889305e+03 1.97116838e+03]
 [0.00000000e+00 0.00000000e+00 1.00000000e+00]]
Dist
[[ 3.36525041e-01 -1.63019717e+00  7.95567285e-05  3.41310717e-04
   1.19226584e+00]]
rvecs
(array([[ 0.12643304],
       [-0.58332293],
       [-0.42489764]]), array([[ 0.01708615],
       [-0.29520961],
       [-1.62146716]]), array([[-0.26898461],
       [ 0.15157283],
       [-1.60447702]]), array([[-0.03756602],
       [-0.02671505],
       [ 0.00196013]]), array([[ 0.00738488],
       [-0.16732471],
       [ 0.00768032]]), array([[-0.12658996],
       [-0.06479912],
       [-1.57107349]]), array([[-0.1099485 ],
       [-0.07183143],
       [-1.55377751]]), array([[-0.01847835],
       [-0.06463199],
       [-0.01395968]]))
tvecs
(array([[-37.96655649],
       [ -0.78743308],
       [520.70979208]]), array([[-36.49297074],
       [ 67.10475488],
       [364.39103779]]), array([[-140.14563841],
       [ 124.65804783],
       [ 582.0968554 ]]), array([[-122.79746807],
       [ -80.39900241],
       [ 610.37285772]]), array([[-281.14328768],
       [ -33.00086964],
       [ 968.86166176]]), array([[-59.96339477],
       [159.48636334],
       [775.44092727]]), array([[-95.20174896],
       [138.8336267 ],
       [520.0215079 ]]), array([[-86.14725639],
       [-80.5440114 ],
       [374.39758982]]))
total error: 0.08519576020748088
