
ret
0.14959094972022635
Cam Mat
[[5.15857116e+03 0.00000000e+00 3.00643545e+03]
 [0.00000000e+00 5.15993280e+03 2.00218961e+03]
 [0.00000000e+00 0.00000000e+00 1.00000000e+00]]
Dist
[[-4.88179779e-04 -7.65892118e-03  7.22588876e-05  4.54385455e-05
   2.54934851e-02]]
rvecs
(array([[-0.53092543],
       [ 0.33855555],
       [-2.53599671]]), array([[ 0.15157495],
       [ 0.04127993],
       [-0.53238874]]), array([[ 0.00191971],
       [ 0.00204051],
       [-1.57079114]]), array([[-4.69467233e-05],
       [ 1.11571663e-03],
       [-1.02378569e+00]]), array([[ 0.0029826 ],
       [ 0.06470067],
       [-1.55890827]]), array([[ 0.4560405 ],
       [-0.43387048],
       [-1.62318094]]), array([[-0.24657275],
       [-0.06561778],
       [-0.53106521]]), array([[-0.46557728],
       [ 0.06095415],
       [-1.56670088]]), array([[-0.50438818],
       [ 0.43513622],
       [-1.19993741]]), array([[-0.05287339],
       [-0.24094712],
       [-0.5591275 ]]), array([[-0.23208872],
       [ 0.29763504],
       [-1.5363218 ]]), array([[ 0.24150837],
       [-0.16938501],
       [-1.55611135]]), array([[-0.23208872],
       [ 0.29763504],
       [-1.5363218 ]]), array([[-0.53092543],
       [ 0.33855555],
       [-2.53599671]]), array([[-0.23208872],
       [ 0.29763504],
       [-1.5363218 ]]), array([[-0.34481507],
       [-0.15582062],
       [-0.59182   ]]))
tvecs
(array([[  58.05207503],
       [ 271.64157811],
       [1206.35581937]]), array([[-109.42142491],
       [-262.86161641],
       [1682.7976618 ]]), array([[ -59.12568114],
       [  90.00595597],
       [1703.61238526]]), array([[ -98.10346131],
       [  47.18150886],
       [1703.35305485]]), array([[-70.50871211],
       [ 81.33286742],
       [361.53585864]]), array([[-316.26945301],
       [ 149.9500887 ],
       [1095.60880039]]), array([[-109.38567379],
       [ 419.47791814],
       [1650.64988198]]), array([[-492.39087041],
       [ 255.72945838],
       [1227.10078094]]), array([[-375.66513205],
       [ 135.81773682],
       [ 861.17103582]]), array([[ -8.50547453],
       [ 32.53212686],
       [481.07789852]]), array([[-433.15577946],
       [-165.58825548],
       [1333.88745692]]), array([[ -25.60772604],
       [-159.11195144],
       [1284.64757612]]), array([[-433.15577946],
       [-165.58825548],
       [1333.88745692]]), array([[  58.05207503],
       [ 271.64157811],
       [1206.35581937]]), array([[-433.15577946],
       [-165.58825548],
       [1333.88745692]]), array([[100.28429672],
       [186.6164374 ],
       [900.44673552]]))
total error: 0.019413153491278055
