ret
1.4399144220888198
Cam Mat
[[1.17264891e+03 0.00000000e+00 3.76929645e+02]
 [0.00000000e+00 1.17473616e+03 6.33099744e+02]
 [0.00000000e+00 0.00000000e+00 1.00000000e+00]]
Dist
[[-0.04036883  0.00246803  0.00369597 -0.00094144  0.23294879]]
rvecs
(array([[-0.69033386],
       [-0.62465046],
       [ 1.00363881]]), array([[-0.23553631],
       [-0.41757828],
       [ 0.33257908]]), array([[-0.71711106],
       [-0.67358056],
       [ 1.65871598]]), array([[-0.16974753],
       [-0.16252612],
       [ 0.04202418]]), array([[-0.090294  ],
       [-0.07095584],
       [ 2.70597279]]), array([[-0.16126482],
       [ 0.05710213],
       [ 2.95321936]]), array([[-0.70864161],
       [-0.49383674],
       [ 1.16420558]]), array([[ 0.13750041],
       [ 0.06614381],
       [-3.10180523]]), array([[-0.39944826],
       [-0.17123674],
       [ 2.72549847]]), array([[-1.16110948e-03],
       [ 1.88853294e-02],
       [ 1.59064477e+00]]), array([[0.0022901 ],
       [0.01411424],
       [1.59265778]]), array([[-0.5308484 ],
       [-0.17603079],
       [ 1.66910515]]), array([[-0.66345904],
       [-0.39936859],
       [ 2.21390124]]), array([[-0.43404776],
       [-0.41540913],
       [ 1.55988427]]), array([[-0.63345574],
       [ 0.31436774],
       [ 1.71631447]]))
tvecs
(array([[ 159.25039506],
       [-177.68033853],
       [1261.7690948 ]]), array([[  49.46174175],
       [-174.71144472],
       [ 794.02526377]]), array([[ 64.48173734],
       [-14.60965909],
       [922.68098656]]), array([[-111.16014694],
       [ -86.66511333],
       [ 590.43940117]]), array([[  17.48241663],
       [ -98.87131175],
       [1064.33458947]]), array([[  -4.56423379],
       [  13.52756723],
       [1141.25781854]]), array([[ 140.57164121],
       [-172.07533043],
       [1175.49852797]]), array([[ 31.75662769],
       [ 30.36216386],
       [555.35637993]]), array([[ 58.96630347],
       [ 50.81631468],
       [660.49961457]]), array([[  55.49614955],
       [-103.61119756],
       [ 377.53326077]]), array([[ 56.47093885],
       [-98.89372866],
       [349.33297264]]), array([[-104.11646028],
       [ 185.75864674],
       [ 987.04224525]]), array([[ 16.56650917],
       [-69.53868488],
       [825.83259631]]), array([[ -42.13389666],
       [ 115.53582226],
       [1024.46143117]]), array([[  23.46204258],
       [ -75.98397492],
       [1035.79920584]]))
total error: 0.09227770874305372
